Algorithm: Maxflow-Mincut
Source: 0
Sink: 99
Maximum flow: 108
Minimum cut capacity: 108
Source side: 0 1 2 3 4 5 6 7 8 9 10 11 12 13 14 15 16 17 18 19 20 21 22 23 24 25 27 28 29 30 33 34 35 36 37 38 39 40 41 42 43 44 45 46 47 48 49 50 51 52 53 54 55 56 57 58 59 60 61 62 63 65 66 67 68 69 70 71 72 73 74 75 79 80 83 84 85 86 89 90 91 92 93 94 95
Sink side: 26 31 32 64 76 77 78 81 82 87 88 96 97 98 99
Cut edges:
8 81 5
25 26 9
30 31 28
63 64 12
66 31 7
75 76 12
80 81 13
86 87 7
95 96 15
Execution time: 0 ms
